1.248597152342094487e-17
-4.874719054944657778e-03
-6.337148751429116759e-03
-3.334456116985756551e-03
1.948936007893017474e-03
5.719883844453331305e-03
5.376678116399115359e-03
1.362536717536880953e-03
-3.290550994089850093e-03
-5.303265785049651737e-03
-3.536776513153240108e-03
3.644834647299726848e-04
3.440121493821165794e-03
3.717726935030139877e-03
1.525721272396073427e-03
-1.096833025229568834e-03
-2.227355437591999401e-03
-1.526697767842525710e-03
-1.899901796039896282e-04
4.004818316168586587e-04
-1.949085916259687978e-18
-4.106206121641208222e-04
1.997332657375349568e-04
1.645661230271822095e-03
2.461813904706945839e-03
1.243077428593496398e-03
-1.773135532784645731e-03
-4.430715662296210930e-03
-4.204592936892522816e-03
-4.568877233938784953e-04
4.547284088339874873e-03
6.994162122311859374e-03
4.451921933180310979e-03
-1.891282309416907450e-03
-7.657693074871491958e-03
-8.359830234201030483e-03
-2.923404011839477856e-03
5.134003862660714394e-03
1.001678351032345149e-02
7.911429285893752453e-03
-2.592213633146837024e-18
-8.179613329483375120e-03
-1.070759616620781292e-02
-5.674425321888087667e-03
3.341033156387979586e-03
9.879799367692126619e-03
9.359402647065152500e-03
2.390866315677901525e-03
-5.821744066466620626e-03
-9.462689930186635873e-03
-6.366197723675819445e-03
6.620209869584805801e-04
6.306889405338814147e-03
6.881749858460058621e-03
2.852435422305690371e-03
-2.071795714322528185e-03
-4.252224017221084562e-03
-2.946881737928599889e-03
-3.709332077982771146e-04
7.911958136820855395e-04
-1.949085916259687978e-18
-8.317699579734744164e-04
4.099788086191560876e-04
3.424754452187300097e-03
5.197162687714657753e-03
2.663737346986114977e-03
-3.859177336060688485e-03
-9.801280101443125489e-03
-9.460334108008207343e-03
-1.046420269708530412e-03
1.061032953945969040e-02
1.664128229101788023e-02
1.081181040915225704e-02
-4.693182027071488883e-03
-1.943875934390457486e-02
-2.173555860892269209e-02
-7.795744031571973619e-03
1.406270623250540329e-02
2.822911716545697947e-02
2.298081840188180569e-02
-7.798313941598575034e-17
-2.539985191786939614e-02
-3.450225431333629744e-02
-1.902601431456603029e-02
1.169361604735800857e-02
3.622593101487114886e-02
3.610055306725132307e-02
9.747378056225343076e-03
-2.522755762135524965e-02
-4.387247149450168582e-02
-3.183098861837903304e-02
3.604336484551746902e-03
3.784133643203285713e-02
4.620603476394615633e-02
2.186867157101047079e-02
-1.864616142890285905e-02
-4.677446418943195100e-02
-4.223863824364330194e-02
-7.789597363763937909e-03
3.243902836096541203e-02
5.000000000000000278e-02
3.243902836096541203e-02
-7.789597363763937909e-03
-4.223863824364330194e-02
-4.677446418943195100e-02
-1.864616142890285905e-02
2.186867157101047079e-02
4.620603476394615633e-02
3.784133643203285713e-02
3.604336484551746902e-03
-3.183098861837903304e-02
-4.387247149450168582e-02
-2.522755762135524965e-02
9.747378056225343076e-03
3.610055306725132307e-02
3.622593101487114886e-02
1.169361604735800857e-02
-1.902601431456603029e-02
-3.450225431333629744e-02
-2.539985191786939614e-02
-7.798313941598575034e-17
2.298081840188180569e-02
2.822911716545697947e-02
1.406270623250540329e-02
-7.795744031571973619e-03
-2.173555860892269209e-02
-1.943875934390457486e-02
-4.693182027071488883e-03
1.081181040915225704e-02
1.664128229101788023e-02
1.061032953945969040e-02
-1.046420269708530412e-03
-9.460334108008207343e-03
-9.801280101443125489e-03
-3.859177336060688485e-03
2.663737346986114977e-03
5.197162687714657753e-03
3.424754452187300097e-03
4.099788086191560876e-04
-8.317699579734744164e-04
-1.949085916259687978e-18
7.911958136820855395e-04
-3.709332077982771146e-04
-2.946881737928599889e-03
-4.252224017221084562e-03
-2.071795714322528185e-03
2.852435422305690371e-03
6.881749858460058621e-03
6.306889405338814147e-03
6.620209869584805801e-04
-6.366197723675819445e-03
-9.462689930186635873e-03
-5.821744066466620626e-03
2.390866315677901525e-03
9.359402647065152500e-03
9.879799367692126619e-03
3.341033156387979586e-03
-5.674425321888087667e-03
-1.070759616620781292e-02
-8.179613329483375120e-03
-2.592213633146837024e-18
7.911429285893752453e-03
1.001678351032345149e-02
5.134003862660714394e-03
-2.923404011839477856e-03
-8.359830234201030483e-03
-7.657693074871491958e-03
-1.891282309416907450e-03
4.451921933180310979e-03
6.994162122311859374e-03
4.547284088339874873e-03
-4.568877233938784953e-04
-4.204592936892522816e-03
-4.430715662296210930e-03
-1.773135532784645731e-03
1.243077428593496398e-03
2.461813904706945839e-03
1.645661230271822095e-03
1.997332657375349568e-04
-4.106206121641208222e-04
-1.949085916259687978e-18
4.004818316168586587e-04
-1.899901796039896282e-04
-1.526697767842525710e-03
-2.227355437591999401e-03
-1.096833025229568834e-03
1.525721272396073427e-03
3.717726935030139877e-03
3.440121493821165794e-03
3.644834647299726848e-04
-3.536776513153240108e-03
-5.303265785049651737e-03
-3.290550994089850093e-03
1.362536717536880953e-03
5.376678116399115359e-03
5.719883844453331305e-03
1.948936007893017474e-03
-3.334456116985756551e-03
-6.337148751429116759e-03
-4.874719054944657778e-03
1.248597152342094487e-17
